==========================================================================================
  TRAIN SET
Year       Days  HiVol  LoVol  MedVol  DirAcc%   AvgErrINR   AvgErr%   65pct%   MaxErr%
------------------------------------------------------------------------------------------
2004        259     13    157      89    60.23      0.0990    0.2204   0.2203    1.3534
2005        259     19    161      79    56.37      0.0807    0.1829   0.1833    1.1519
2006        260     16    159      85    60.38      0.1096    0.2425   0.2614    1.5206
2007        258     15    141     102    66.28      0.1245    0.3028   0.3229    1.4606
2008        242     13    139      90    60.33      0.2209    0.4911   0.4977    3.2302
2009        260      6    169      85    58.08      0.2245    0.4635   0.4852    3.8329
2010        261     11    175      75    54.41      0.1731    0.3787   0.4077    2.2198
2011        259     12    153      94    56.76      0.1725    0.3631   0.3499    2.5529
2012        261     10    177      74    62.07      0.3005    0.5675   0.5419    5.9774
2013        260      5    175      80    52.69      0.3152    0.5246   0.5351    3.8394
2014        261      8    169      84    60.92      0.1962    0.3212   0.3724    1.3149
2015        261      8    160      93    57.85      0.1795    0.2796   0.3148    1.3883
2016        261     10    177      74    58.62      0.1631    0.2426   0.2803    1.3613
2017        258     12    156      90    63.57      0.1370    0.2102   0.2354    0.9883
2018        261      7    169      85    59.00      0.2670    0.3842   0.4389    1.8768
2019        260      8    167      85    64.62      0.2472    0.3502   0.3981    2.7687
2020        261     17    150      94    60.15      0.2959    0.3965   0.3912    2.8942
==========================================================================================

OVERALL (4,402 days)
  Avg abs error   : 0.3479%
  Median error    : 0.2398%
  65th pct error  : 0.3524%
  90th pct error  : 0.7707%
  Max error       : 5.9774%

[7b] Results — TEST (2021–2023)

==========================================================================================
  TEST SET (out-of-sample)
Year       Days  HiVol  LoVol  MedVol  DirAcc%   AvgErrINR   AvgErr%   65pct%   MaxErr%
------------------------------------------------------------------------------------------
2021        261      9    176      76    55.56      0.1682    0.2274   0.2619    1.0382
2022        260      9    160      91    50.77      0.2179    0.2766   0.2960    1.5129
2023        174      5     95      74    44.25      0.1540    0.1872   0.2033    0.9325
==========================================================================================

OVERALL (695 days)
  Avg abs error   : 0.2357%
  Median error    : 0.1784%
  65th pct error  : 0.2623%
  90th pct error  : 0.4977%
  Max error       : 1.5129%